68
0 13
1 13
2 13
2 12
2 11
3 11
4 11
5 11
6 11
6 10
6 9
7 9
8 9
9 9
10 9
11 9
12 9
13 9
14 9
15 9
15 10
15 11
15 12
16 12
17 12
18 12
19 12
20 12
21 12
21 11
21 10
21 9
21 8
21 7
21 6
21 5
21 4
21 3
20 3
19 3
18 3
17 3
16 3
15 3
15 4
15 5
14 5
13 5
12 5
11 5
10 5
9 5
8 5
8 6
8 7
7 7
6 7
5 7
4 7
3 7
2 7
2 6
2 5
2 4
2 3
2 2
2 1
2 0
2
7
-1 13 1
-3 13 1
-5 13 1
-7 13 1
-9 13 1
-11 13 1
-13 13 1
5
-1 13 1
-3 13 1
-5 13 1
-7 13 1
-9 13 1
